 0.10000000E-01  0.15000000E+00  0.10000000E+01  0.10000000E+01
 0.20000000E-01  0.30000000E+00  0.99793697E+00  0.99793697E+00
 0.30000000E-01  0.45000000E+00  0.99450739E+00  0.99450739E+00
 0.40000000E-01  0.60000000E+00  0.98972443E+00  0.98972443E+00
 0.50000000E-01  0.75000000E+00  0.98360642E+00  0.98360642E+00
 0.60000000E-01  0.90000000E+00  0.97617673E+00  0.97617673E+00
 0.70000000E-01  0.10500000E+01  0.96746362E+00  0.96746362E+00
 0.80000000E-01  0.12000000E+01  0.95750012E+00  0.95750012E+00
 0.90000000E-01  0.13500000E+01  0.94632379E+00  0.94632379E+00
 0.10000000E+00  0.15000000E+01  0.93397652E+00  0.93397652E+00
 0.11000000E+00  0.16500000E+01  0.92050427E+00  0.92050427E+00
 0.12000000E+00  0.18000000E+01  0.90595682E+00  0.90595682E+00
 0.13000000E+00  0.19500000E+01  0.89038749E+00  0.89038749E+00
 0.14000000E+00  0.21000000E+01  0.87385279E+00  0.87385279E+00
 0.15000000E+00  0.22500000E+01  0.85641215E+00  0.85641215E+00
 0.16000000E+00  0.24000000E+01  0.83812756E+00  0.83812756E+00
 0.17000000E+00  0.25500000E+01  0.81906324E+00  0.81906324E+00
 0.18000000E+00  0.27000000E+01  0.79928524E+00  0.79928524E+00
 0.19000000E+00  0.28500000E+01  0.77886116E+00  0.77886116E+00
 0.20000000E+00  0.30000000E+01  0.75785971E+00  0.75785971E+00
 0.21000000E+00  0.31500000E+01  0.73635041E+00  0.73635041E+00
 0.22000000E+00  0.33000000E+01  0.71440316E+00  0.71440316E+00
 0.23000000E+00  0.34500000E+01  0.69208797E+00  0.69208797E+00
 0.24000000E+00  0.36000000E+01  0.66947451E+00  0.66947451E+00
 0.25000000E+00  0.37500000E+01  0.64663187E+00  0.64663187E+00
 0.26000000E+00  0.39000000E+01  0.62362814E+00  0.62362814E+00
 0.27000000E+00  0.40500000E+01  0.60053015E+00  0.60053015E+00
 0.28000000E+00  0.42000000E+01  0.57740318E+00  0.57740318E+00
 0.29000000E+00  0.43500000E+01  0.55431060E+00  0.55431060E+00
 0.30000000E+00  0.45000000E+01  0.53131369E+00  0.53131369E+00
 0.31000000E+00  0.46500000E+01  0.50847136E+00  0.50847136E+00
 0.32000000E+00  0.48000000E+01  0.48583989E+00  0.48583989E+00
 0.33000000E+00  0.49500000E+01  0.46347281E+00  0.46347281E+00
 0.34000000E+00  0.51000000E+01  0.44142065E+00  0.44142065E+00
 0.35000000E+00  0.52500000E+01  0.41973080E+00  0.41973080E+00
 0.36000000E+00  0.54000000E+01  0.39844742E+00  0.39844742E+00
 0.37000000E+00  0.55500000E+01  0.37761127E+00  0.37761127E+00
 0.38000000E+00  0.57000000E+01  0.35725968E+00  0.35725968E+00
 0.39000000E+00  0.58500000E+01  0.33742647E+00  0.33742647E+00
 0.40000000E+00  0.60000000E+01  0.31814192E+00  0.31814192E+00
 0.41000000E+00  0.61500000E+01  0.29943274E+00  0.29943274E+00
 0.42000000E+00  0.63000000E+01  0.28132213E+00  0.28132213E+00
 0.43000000E+00  0.64500000E+01  0.26382974E+00  0.26382974E+00
 0.44000000E+00  0.66000000E+01  0.24697180E+00  0.24697180E+00
 0.45000000E+00  0.67500000E+01  0.23076115E+00  0.23076115E+00
 0.46000000E+00  0.69000000E+01  0.21520732E+00  0.21520732E+00
 0.47000000E+00  0.70500000E+01  0.20031667E+00  0.20031667E+00
 0.48000000E+00  0.72000000E+01  0.18609249E+00  0.18609249E+00
 0.49000000E+00  0.73500000E+01  0.17253516E+00  0.17253516E+00
 0.50000000E+00  0.75000000E+01  0.15964228E+00  0.15964228E+00
 0.51000000E+00  0.76500000E+01  0.14740881E+00  0.14740881E+00
 0.52000000E+00  0.78000000E+01  0.13582728E+00  0.13582728E+00
 0.53000000E+00  0.79500000E+01  0.12488795E+00  0.12488795E+00
 0.54000000E+00  0.81000000E+01  0.11457898E+00  0.11457898E+00
 0.55000000E+00  0.82500000E+01  0.10488662E+00  0.10488662E+00
 0.56000000E+00  0.84000000E+01  0.95795402E-01  0.95795402E-01
 0.57000000E+00  0.85500000E+01  0.87288321E-01  0.87288321E-01
 0.58000000E+00  0.87000000E+01  0.79347030E-01  0.79347030E-01
 0.59000000E+00  0.88500000E+01  0.71952024E-01  0.71952024E-01
 0.60000000E+00  0.90000000E+01  0.65082818E-01  0.65082818E-01
 0.61000000E+00  0.91500000E+01  0.58718127E-01  0.58718127E-01
 0.62000000E+00  0.93000000E+01  0.52836043E-01  0.52836043E-01
 0.63000000E+00  0.94500000E+01  0.47414193E-01  0.47414193E-01
 0.64000000E+00  0.96000000E+01  0.42429903E-01  0.42429903E-01
 0.65000000E+00  0.97500000E+01  0.37860345E-01  0.37860345E-01
 0.66000000E+00  0.99000000E+01  0.33682680E-01  0.33682680E-01
 0.67000000E+00  0.10050000E+02  0.29874192E-01  0.29874192E-01
 0.68000000E+00  0.10200000E+02  0.26412401E-01  0.26412401E-01
 0.69000000E+00  0.10350000E+02  0.23275186E-01  0.23275186E-01
 0.70000000E+00  0.10500000E+02  0.20440878E-01  0.20440878E-01
 0.71000000E+00  0.10650000E+02  0.17888352E-01  0.17888352E-01
 0.72000000E+00  0.10800000E+02  0.15597112E-01  0.15597112E-01
 0.73000000E+00  0.10950000E+02  0.13547351E-01  0.13547351E-01
 0.74000000E+00  0.11100000E+02  0.11720021E-01  0.11720021E-01
 0.75000000E+00  0.11250000E+02  0.10096873E-01  0.10096873E-01
 0.76000000E+00  0.11400000E+02  0.86605002E-02  0.86605002E-02
 0.77000000E+00  0.11550000E+02  0.73943693E-02  0.73943693E-02
 0.78000000E+00  0.11700000E+02  0.62828385E-02  0.62828385E-02
 0.79000000E+00  0.11850000E+02  0.53111720E-02  0.53111720E-02
 0.80000000E+00  0.12000000E+02  0.44655440E-02  0.44655440E-02
 0.81000000E+00  0.12150000E+02  0.37330368E-02  0.37330368E-02
 0.82000000E+00  0.12300000E+02  0.31016314E-02  0.31016314E-02
 0.83000000E+00  0.12450000E+02  0.25601927E-02  0.25601927E-02
 0.84000000E+00  0.12600000E+02  0.20984485E-02  0.20984485E-02
 0.85000000E+00  0.12750000E+02  0.17069647E-02  0.17069647E-02
 0.86000000E+00  0.12900000E+02  0.13771157E-02  0.13771157E-02
 0.87000000E+00  0.13050000E+02  0.11010518E-02  0.11010518E-02
 0.88000000E+00  0.13200000E+02  0.87166326E-03  0.87166326E-03
 0.89000000E+00  0.13350000E+02  0.68254238E-03  0.68254238E-03
 0.90000000E+00  0.13500000E+02  0.52794391E-03  0.52794391E-03
 0.91000000E+00  0.13650000E+02  0.40274397E-03  0.40274397E-03
 0.92000000E+00  0.13800000E+02  0.30239858E-03  0.30239858E-03
 0.93000000E+00  0.13950000E+02  0.22290175E-03  0.22290175E-03
 0.94000000E+00  0.14100000E+02  0.16074388E-03  0.16074388E-03
 0.95000000E+00  0.14250000E+02  0.11287069E-03  0.11287069E-03
 0.96000000E+00  0.14400000E+02  0.76643056E-04  0.76643056E-04
 0.97000000E+00  0.14550000E+02  0.49798094E-04  0.49798094E-04
 0.98000000E+00  0.14700000E+02  0.30411687E-04  0.30411687E-04
 0.99000000E+00  0.14850000E+02  0.16862712E-04  0.16862712E-04
 0.10000000E+01  0.15000000E+02  0.77991323E-05  0.77991323E-05
 0.10100000E+01  0.15150000E+02  0.21060939E-05  0.21060939E-05
 0.10200000E+01  0.15300000E+02 -0.11238764E-05  0.11238764E-05
 0.10300000E+01  0.15450000E+02 -0.26184974E-05  0.26184974E-05
 0.10400000E+01  0.15600000E+02 -0.29511553E-05  0.29511553E-05
 0.10500000E+01  0.15750000E+02 -0.25641138E-05  0.25641138E-05
 0.10600000E+01  0.15900000E+02 -0.17895346E-05  0.17895346E-05
 0.10700000E+01  0.16050000E+02 -0.86835423E-06  0.86835423E-06
 0.10800000E+01  0.16200000E+02  0.32915554E-07  0.32915554E-07
 0.10900000E+01  0.16350000E+02  0.80737997E-06  0.80737997E-06
 0.11000000E+01  0.16500000E+02  0.13948450E-05  0.13948450E-05
 0.11100000E+01  0.16650000E+02  0.17706811E-05  0.17706811E-05
 0.11200000E+01  0.16800000E+02  0.19363449E-05  0.19363449E-05
 0.11300000E+01  0.16950000E+02  0.19114308E-05  0.19114308E-05
 0.11400000E+01  0.17100000E+02  0.17271192E-05  0.17271192E-05
 0.11500000E+01  0.17250000E+02  0.14208875E-05  0.14208875E-05
 0.11600000E+01  0.17400000E+02  0.10323476E-05  0.10323476E-05
 0.11700000E+01  0.17550000E+02  0.60007997E-06  0.60007997E-06
 0.11800000E+01  0.17700000E+02  0.15933337E-06  0.15933337E-06
 0.11900000E+01  0.17850000E+02 -0.25953241E-06  0.25953241E-06
 0.12000000E+01  0.18000000E+02 -0.63197754E-06  0.63197754E-06
 0.12100000E+01  0.18150000E+02 -0.93969677E-06  0.93969677E-06
 0.12200000E+01  0.18300000E+02 -0.11706187E-05  0.11706187E-05
 0.12300000E+01  0.18450000E+02 -0.13185823E-05  0.13185823E-05
 0.12400000E+01  0.18600000E+02 -0.13827726E-05  0.13827726E-05
 0.12500000E+01  0.18750000E+02 -0.13669920E-05  0.13669920E-05
 0.12600000E+01  0.18900000E+02 -0.12788272E-05  0.12788272E-05
 0.12700000E+01  0.19050000E+02 -0.11287709E-05  0.11287709E-05
 0.12800000E+01  0.19200000E+02 -0.92934160E-06  0.92934160E-06
 0.12900000E+01  0.19350000E+02 -0.69423907E-06  0.69423907E-06
 0.13000000E+01  0.19500000E+02 -0.43756611E-06  0.43756611E-06
 0.13100000E+01  0.19650000E+02 -0.17313670E-06  0.17313670E-06
 0.13200000E+01  0.19800000E+02  0.86113397E-07  0.86113397E-07
 0.13300000E+01  0.19950000E+02  0.32860524E-06  0.32860524E-06
 0.13400000E+01  0.20100000E+02  0.54448088E-06  0.54448088E-06
 0.13500000E+01  0.20250000E+02  0.72585424E-06  0.72585424E-06
 0.13600000E+01  0.20400000E+02  0.86695365E-06  0.86695365E-06
 0.13700000E+01  0.20550000E+02  0.96416423E-06  0.96416423E-06
 0.13800000E+01  0.20700000E+02  0.10159805E-05  0.10159805E-05
 0.13900000E+01  0.20850000E+02  0.10228816E-05  0.10228816E-05
 0.14000000E+01  0.21000000E+02  0.98714240E-06  0.98714240E-06
 0.14100000E+01  0.21150000E+02  0.91259434E-06  0.91259434E-06
 0.14200000E+01  0.21300000E+02  0.80435037E-06  0.80435037E-06
 0.14300000E+01  0.21450000E+02  0.66850706E-06  0.66850706E-06
 0.14400000E+01  0.21600000E+02  0.51183707E-06  0.51183707E-06
 0.14500000E+01  0.21750000E+02  0.34148361E-06  0.34148361E-06
 0.14600000E+01  0.21900000E+02  0.16466739E-06  0.16466739E-06
 0.14700000E+01  0.22050000E+02 -0.11585066E-07  0.11585066E-07
 0.14800000E+01  0.22200000E+02 -0.18068425E-06  0.18068425E-06
 0.14900000E+01  0.22350000E+02 -0.33668602E-06  0.33668602E-06
 0.15000000E+01  0.22500000E+02 -0.47446138E-06  0.47446138E-06
 0.15100000E+01  0.22650000E+02 -0.58982526E-06  0.58982526E-06
 0.15200000E+01  0.22800000E+02 -0.67962337E-06  0.67962337E-06
 0.15300000E+01  0.22950000E+02 -0.74177763E-06  0.74177763E-06
 0.15400000E+01  0.23100000E+02 -0.77529197E-06  0.77529197E-06
 0.15500000E+01  0.23250000E+02 -0.78022129E-06  0.78022129E-06
 0.15600000E+01  0.23400000E+02 -0.75760750E-06  0.75760750E-06
 0.15700000E+01  0.23550000E+02 -0.70938692E-06  0.70938692E-06
 0.15800000E+01  0.23700000E+02 -0.63827429E-06  0.63827429E-06
 0.15900000E+01  0.23850000E+02 -0.54762861E-06  0.54762861E-06
 0.16000000E+01  0.24000000E+02 -0.44130635E-06  0.44130635E-06
 0.16100000E+01  0.24150000E+02 -0.32350752E-06  0.32350752E-06
 0.16200000E+01  0.24300000E+02 -0.19861997E-06  0.19861997E-06
 0.16300000E+01  0.24450000E+02 -0.71066793E-07  0.71066793E-07
 0.16400000E+01  0.24600000E+02  0.54838605E-07  0.54838605E-07
 0.16500000E+01  0.24750000E+02  0.17502567E-06  0.17502567E-06
 0.16600000E+01  0.24900000E+02  0.28578488E-06  0.28578488E-06
 0.16700000E+01  0.25050000E+02  0.38386809E-06  0.38386809E-06
 0.16800000E+01  0.25200000E+02  0.46656918E-06  0.46656918E-06
 0.16900000E+01  0.25350000E+02  0.53178354E-06  0.53178354E-06
 0.17000000E+01  0.25500000E+02  0.57804605E-06  0.57804605E-06
 0.17100000E+01  0.25650000E+02  0.60454735E-06  0.60454735E-06
 0.17200000E+01  0.25800000E+02  0.61112936E-06  0.61112936E-06
 0.17300000E+01  0.25950000E+02  0.59826117E-06  0.59826117E-06
 0.17400000E+01  0.26100000E+02  0.56699714E-06  0.56699714E-06
 0.17500000E+01  0.26250000E+02  0.51891935E-06  0.51891935E-06
 0.17600000E+01  0.26400000E+02  0.45606703E-06  0.45606703E-06
 0.17700000E+01  0.26550000E+02  0.38085546E-06  0.38085546E-06
 0.17800000E+01  0.26700000E+02  0.29598759E-06  0.29598759E-06
 0.17900000E+01  0.26850000E+02  0.20436101E-06  0.20436101E-06
 0.18000000E+01  0.27000000E+02  0.10897340E-06  0.10897340E-06
 0.18100000E+01  0.27150000E+02  0.12829216E-07  0.12829216E-07
 0.18200000E+01  0.27300000E+02 -0.81149822E-07  0.81149822E-07
 0.18300000E+01  0.27450000E+02 -0.17020788E-06  0.17020788E-06
 0.18400000E+01  0.27600000E+02 -0.25182990E-06  0.25182990E-06
 0.18500000E+01  0.27750000E+02 -0.32380625E-06  0.32380625E-06
 0.18600000E+01  0.27900000E+02 -0.38428601E-06  0.38428601E-06
 0.18700000E+01  0.28050000E+02 -0.43181760E-06  0.43181760E-06
 0.18800000E+01  0.28200000E+02 -0.46537640E-06  0.46537640E-06
 0.18900000E+01  0.28350000E+02 -0.48437896E-06  0.48437896E-06
 0.19000000E+01  0.28500000E+02 -0.48868410E-06  0.48868410E-06
 0.19100000E+01  0.28650000E+02 -0.47858135E-06  0.47858135E-06
 0.19200000E+01  0.28800000E+02 -0.45476759E-06  0.45476759E-06
 0.19300000E+01  0.28950000E+02 -0.41831308E-06  0.41831308E-06
 0.19400000E+01  0.29100000E+02 -0.37061818E-06  0.37061818E-06
 0.19500000E+01  0.29250000E+02 -0.31336237E-06  0.31336237E-06
 0.19600000E+01  0.29400000E+02 -0.24844735E-06  0.24844735E-06
 0.19700000E+01  0.29550000E+02 -0.17793594E-06  0.17793594E-06
 0.19800000E+01  0.29700000E+02 -0.10398864E-06  0.10398864E-06
 0.19900000E+01  0.29850000E+02 -0.28799747E-07  0.28799747E-07
 0.20000000E+01  0.30000000E+02  0.45465236E-07  0.45465236E-07
 0.20100000E+01  0.30150000E+02  0.11672924E-06  0.11672924E-06
 0.20200000E+01  0.30300000E+02  0.18305878E-06  0.18305878E-06
 0.20300000E+01  0.30450000E+02  0.24271329E-06  0.24271329E-06
 0.20400000E+01  0.30600000E+02  0.29418743E-06  0.29418743E-06
 0.20500000E+01  0.30750000E+02  0.33624567E-06  0.33624567E-06
 0.20600000E+01  0.30900000E+02  0.36794818E-06  0.36794818E-06
 0.20700000E+01  0.31050000E+02  0.38866792E-06  0.38866792E-06
 0.20800000E+01  0.31200000E+02  0.39809859E-06  0.39809859E-06
 0.20900000E+01  0.31350000E+02  0.39625361E-06  0.39625361E-06
 0.21000000E+01  0.31500000E+02  0.38345647E-06  0.38345647E-06
 0.21100000E+01  0.31650000E+02  0.36032292E-06  0.36032292E-06
 0.21200000E+01  0.31800000E+02  0.32773588E-06  0.32773588E-06
 0.21300000E+01  0.31950000E+02  0.28681385E-06  0.28681385E-06
 0.21400000E+01  0.32100000E+02  0.23887394E-06  0.23887394E-06
 0.21500000E+01  0.32250000E+02  0.18539069E-06  0.18539069E-06
 0.21600000E+01  0.32400000E+02  0.12795189E-06  0.12795189E-06
 0.21700000E+01  0.32550000E+02  0.68212630E-07  0.68212630E-07
 0.21800000E+01  0.32700000E+02  0.78489460E-08  0.78489460E-08
 0.21900000E+01  0.32850000E+02 -0.51487790E-07  0.51487790E-07
 0.22000000E+01  0.33000000E+02 -0.10821449E-06  0.10821449E-06
 0.22100000E+01  0.33150000E+02 -0.16085693E-06  0.16085693E-06
 0.22200000E+01  0.33300000E+02 -0.20808628E-06  0.20808628E-06
 0.22300000E+01  0.33450000E+02 -0.24875077E-06  0.24875077E-06
 0.22400000E+01  0.33600000E+02 -0.28190178E-06  0.28190178E-06
 0.22500000E+01  0.33750000E+02 -0.30681387E-06  0.30681387E-06
 0.22600000E+01  0.33900000E+02 -0.32299834E-06  0.32299834E-06
 0.22700000E+01  0.34050000E+02 -0.33021024E-06  0.33021024E-06
 0.22800000E+01  0.34200000E+02 -0.32844873E-06  0.32844873E-06
 0.22900000E+01  0.34350000E+02 -0.31795104E-06  0.31795104E-06
 0.23000000E+01  0.34500000E+02 -0.29918039E-06  0.29918039E-06
 0.23100000E+01  0.34650000E+02 -0.27280823E-06  0.27280823E-06
 0.23200000E+01  0.34800000E+02 -0.23969159E-06  0.23969159E-06
 0.23300000E+01  0.34950000E+02 -0.20084608E-06  0.20084608E-06
 0.23400000E+01  0.35100000E+02 -0.15741549E-06  0.15741549E-06
 0.23500000E+01  0.35250000E+02 -0.11063889E-06  0.11063889E-06
 0.23600000E+01  0.35400000E+02 -0.61815930E-07  0.61815930E-07
 0.23700000E+01  0.35550000E+02 -0.12271557E-07  0.12271557E-07
 0.23800000E+01  0.35700000E+02  0.36679083E-07  0.36679083E-07
 0.23900000E+01  0.35850000E+02  0.83764643E-07  0.83764643E-07
 0.24000000E+01  0.36000000E+02  0.12778960E-06  0.12778960E-06
 0.24100000E+01  0.36150000E+02  0.16766356E-06  0.16766356E-06
 0.24200000E+01  0.36300000E+02  0.20242712E-06  0.20242712E-06
 0.24300000E+01  0.36450000E+02  0.23127376E-06  0.23127376E-06
 0.24400000E+01  0.36600000E+02  0.25356729E-06  0.25356729E-06
 0.24500000E+01  0.36750000E+02  0.26885451E-06  0.26885451E-06
 0.24600000E+01  0.36900000E+02  0.27687285E-06  0.27687285E-06
 0.24700000E+01  0.37050000E+02  0.27755299E-06  0.27755299E-06
 0.24800000E+01  0.37200000E+02  0.27101645E-06  0.27101645E-06
 0.24900000E+01  0.37350000E+02  0.25756833E-06  0.25756833E-06
 0.25000000E+01  0.37500000E+02  0.23768562E-06  0.23768562E-06
 0.25100000E+01  0.37650000E+02  0.21200125E-06  0.21200125E-06
 0.25200000E+01  0.37800000E+02  0.18128464E-06  0.18128464E-06
 0.25300000E+01  0.37950000E+02  0.14641916E-06  0.14641916E-06
 0.25400000E+01  0.38100000E+02  0.10837718E-06  0.10837718E-06
 0.25500000E+01  0.38250000E+02  0.68193423E-07  0.68193423E-07
 0.25600000E+01  0.38400000E+02  0.26937347E-07  0.26937347E-07
 0.25700000E+01  0.38550000E+02 -0.14314834E-07  0.14314834E-07
 0.25800000E+01  0.38700000E+02 -0.54507620E-07  0.54507620E-07
 0.25900000E+01  0.38850000E+02 -0.92632629E-07  0.92632629E-07
 0.26000000E+01  0.39000000E+02 -0.12775323E-06  0.12775323E-06
 0.26100000E+01  0.39150000E+02 -0.15902686E-06  0.15902686E-06
 0.26200000E+01  0.39300000E+02 -0.18572447E-06  0.18572447E-06
 0.26300000E+01  0.39450000E+02 -0.20724676E-06  0.20724676E-06
 0.26400000E+01  0.39600000E+02 -0.22313674E-06  0.22313674E-06
 0.26500000E+01  0.39750000E+02 -0.23308854E-06  0.23308854E-06
 0.26600000E+01  0.39900000E+02 -0.23695213E-06  0.23695213E-06
 0.26700000E+01  0.40050000E+02 -0.23473415E-06  0.23473415E-06
 0.26800000E+01  0.40200000E+02 -0.22659471E-06  0.22659471E-06
 0.26900000E+01  0.40350000E+02 -0.21284046E-06  0.21284046E-06
 0.27000000E+01  0.40500000E+02 -0.19391406E-06  0.19391406E-06
 0.27100000E+01  0.40650000E+02 -0.17038056E-06  0.17038056E-06
 0.27200000E+01  0.40800000E+02 -0.14291087E-06  0.14291087E-06
 0.27300000E+01  0.40950000E+02 -0.11226304E-06  0.11226304E-06
 0.27400000E+01  0.41100000E+02 -0.79261582E-07  0.79261582E-07
 0.27500000E+01  0.41250000E+02 -0.44775676E-07  0.44775676E-07
 0.27600000E+01  0.41400000E+02 -0.96965911E-08  0.96965911E-08
 0.27700000E+01  0.41550000E+02  0.25084972E-07  0.25084972E-07
 0.27800000E+01  0.41700000E+02  0.58701105E-07  0.58701105E-07
 0.27900000E+01  0.41850000E+02  0.90327922E-07  0.90327922E-07
 0.28000000E+01  0.42000000E+02  0.11920530E-06  0.11920530E-06
 0.28100000E+01  0.42150000E+02  0.14465468E-06  0.14465468E-06
 0.28200000E+01  0.42300000E+02  0.16609448E-06  0.16609448E-06
 0.28300000E+01  0.42450000E+02  0.18305283E-06  0.18305283E-06
 0.28400000E+01  0.42600000E+02  0.19517743E-06  0.19517743E-06
 0.28500000E+01  0.42750000E+02  0.20224211E-06  0.20224211E-06
 0.28600000E+01  0.42900000E+02  0.20415032E-06  0.20415032E-06
 0.28700000E+01  0.43050000E+02  0.20093524E-06  0.20093524E-06
 0.28800000E+01  0.43200000E+02  0.19275675E-06  0.19275675E-06
 0.28900000E+01  0.43350000E+02  0.17989529E-06  0.17989529E-06
 0.29000000E+01  0.43500000E+02  0.16274283E-06  0.16274283E-06
 0.29100000E+01  0.43650000E+02  0.14179138E-06  0.14179138E-06
 0.29200000E+01  0.43800000E+02  0.11761905E-06  0.11761905E-06
 0.29300000E+01  0.43950000E+02  0.90874406E-07  0.90874406E-07
 0.29400000E+01  0.44100000E+02  0.62259260E-07  0.62259260E-07
 0.29500000E+01  0.44250000E+02  0.32510500E-07  0.32510500E-07
 0.29600000E+01  0.44400000E+02  0.23813530E-08  0.23813530E-08
 0.29700000E+01  0.44550000E+02 -0.27377423E-07  0.27377423E-07
 0.29800000E+01  0.44700000E+02 -0.56035967E-07  0.56035967E-07
 0.29900000E+01  0.44850000E+02 -0.82902919E-07  0.82902919E-07
 0.30000000E+01  0.45000000E+02 -0.10734177E-06  0.10734177E-06
