 0.00000000E+00  0.10000000E+01
 0.50000000E-02  0.10000000E+01
 0.10000000E-01  0.99929958E+00
 0.15000000E-01  0.99813326E+00
 0.20000000E-01  0.99650257E+00
 0.25000000E-01  0.99440970E+00
 0.30000000E-01  0.99185740E+00
 0.35000000E-01  0.98884907E+00
 0.40000000E-01  0.98538868E+00
 0.45000000E-01  0.98148080E+00
 0.50000000E-01  0.97713058E+00
 0.55000000E-01  0.97234374E+00
 0.60000000E-01  0.96712656E+00
 0.65000000E-01  0.96148585E+00
 0.70000000E-01  0.95542897E+00
 0.75000000E-01  0.94896377E+00
 0.80000000E-01  0.94209863E+00
 0.85000000E-01  0.93484238E+00
 0.90000000E-01  0.92720435E+00
 0.95000000E-01  0.91919428E+00
 0.10000000E+00  0.91082235E+00
 0.10500000E+00  0.90209914E+00
 0.11000000E+00  0.89303563E+00
 0.11500000E+00  0.88364313E+00
 0.12000000E+00  0.87393332E+00
 0.12500000E+00  0.86391817E+00
 0.13000000E+00  0.85360996E+00
 0.13500000E+00  0.84302123E+00
 0.14000000E+00  0.83216476E+00
 0.14500000E+00  0.82105357E+00
 0.15000000E+00  0.80970084E+00
 0.15500000E+00  0.79811995E+00
 0.16000000E+00  0.78632441E+00
 0.16500000E+00  0.77432785E+00
 0.17000000E+00  0.76214400E+00
 0.17500000E+00  0.74978666E+00
 0.18000000E+00  0.73726965E+00
 0.18500000E+00  0.72460686E+00
 0.19000000E+00  0.71181212E+00
 0.19500000E+00  0.69889926E+00
 0.20000000E+00  0.68588207E+00
 0.20500000E+00  0.67277423E+00
 0.21000000E+00  0.65958936E+00
 0.21500000E+00  0.64634092E+00
 0.22000000E+00  0.63304226E+00
 0.22500000E+00  0.61970656E+00
 0.23000000E+00  0.60634680E+00
 0.23500000E+00  0.59297577E+00
 0.24000000E+00  0.57960605E+00
 0.24500000E+00  0.56624995E+00
 0.25000000E+00  0.55291955E+00
 0.25500000E+00  0.53962665E+00
 0.26000000E+00  0.52638275E+00
 0.26500000E+00  0.51319906E+00
 0.27000000E+00  0.50008646E+00
 0.27500000E+00  0.48705551E+00
 0.28000000E+00  0.47411643E+00
 0.28500000E+00  0.46127907E+00
 0.29000000E+00  0.44855294E+00
 0.29500000E+00  0.43594715E+00
 0.30000000E+00  0.42347047E+00
 0.30500000E+00  0.41113124E+00
 0.31000000E+00  0.39893745E+00
 0.31500000E+00  0.38689666E+00
 0.32000000E+00  0.37501603E+00
 0.32500000E+00  0.36330234E+00
 0.33000000E+00  0.35176195E+00
 0.33500000E+00  0.34040080E+00
 0.34000000E+00  0.32922444E+00
 0.34500000E+00  0.31823800E+00
 0.35000000E+00  0.30744622E+00
 0.35500000E+00  0.29685342E+00
 0.36000000E+00  0.28646352E+00
 0.36500000E+00  0.27628007E+00
 0.37000000E+00  0.26630618E+00
 0.37500000E+00  0.25654462E+00
 0.38000000E+00  0.24699776E+00
 0.38500000E+00  0.23766760E+00
 0.39000000E+00  0.22855576E+00
 0.39500000E+00  0.21966353E+00
 0.40000000E+00  0.21099182E+00
 0.40500000E+00  0.20254124E+00
 0.41000000E+00  0.19431202E+00
 0.41500000E+00  0.18630410E+00
 0.42000000E+00  0.17851712E+00
 0.42500000E+00  0.17095039E+00
 0.43000000E+00  0.16360296E+00
 0.43500000E+00  0.15647358E+00
 0.44000000E+00  0.14956076E+00
 0.44500000E+00  0.14286273E+00
 0.45000000E+00  0.13637749E+00
 0.45500000E+00  0.13010284E+00
 0.46000000E+00  0.12403631E+00
 0.46500000E+00  0.11817527E+00
 0.47000000E+00  0.11251687E+00
 0.47500000E+00  0.10705811E+00
 0.48000000E+00  0.10179580E+00
 0.48500000E+00  0.96726595E-01
 0.49000000E+00  0.91847026E-01
 0.49500000E+00  0.87153481E-01
 0.50000000E+00  0.82642232E-01
 0.50500000E+00  0.78309445E-01
 0.51000000E+00  0.74151194E-01
 0.51500000E+00  0.70163466E-01
 0.52000000E+00  0.66342177E-01
 0.52500000E+00  0.62683183E-01
 0.53000000E+00  0.59182288E-01
 0.53500000E+00  0.55835255E-01
 0.54000000E+00  0.52637816E-01
 0.54500000E+00  0.49585684E-01
 0.55000000E+00  0.46674557E-01
 0.55500000E+00  0.43900132E-01
 0.56000000E+00  0.41258110E-01
 0.56500000E+00  0.38744207E-01
 0.57000000E+00  0.36354160E-01
 0.57500000E+00  0.34083732E-01
 0.58000000E+00  0.31928724E-01
 0.58500000E+00  0.29884979E-01
 0.59000000E+00  0.27948387E-01
 0.59500000E+00  0.26114892E-01
 0.60000000E+00  0.24380498E-01
 0.60500000E+00  0.22741273E-01
 0.61000000E+00  0.21193352E-01
 0.61500000E+00  0.19732945E-01
 0.62000000E+00  0.18356338E-01
 0.62500000E+00  0.17059896E-01
 0.63000000E+00  0.15840070E-01
 0.63500000E+00  0.14693394E-01
 0.64000000E+00  0.13616492E-01
 0.64500000E+00  0.12606076E-01
 0.65000000E+00  0.11658952E-01
 0.65500000E+00  0.10772019E-01
 0.66000000E+00  0.99422690E-02
 0.66500000E+00  0.91667909E-02
 0.67000000E+00  0.84427679E-02
 0.67500000E+00  0.77674794E-02
 0.68000000E+00  0.71383007E-02
 0.68500000E+00  0.65527025E-02
 0.69000000E+00  0.60082504E-02
 0.69500000E+00  0.55026045E-02
 0.70000000E+00  0.50335182E-02
 0.70500000E+00  0.45988374E-02
 0.71000000E+00  0.41964986E-02
 0.71500000E+00  0.38245284E-02
 0.72000000E+00  0.34810411E-02
 0.72500000E+00  0.31642375E-02
 0.73000000E+00  0.28724026E-02
 0.73500000E+00  0.26039044E-02
 0.74000000E+00  0.23571910E-02
 0.74500000E+00  0.21307890E-02
 0.75000000E+00  0.19233015E-02
 0.75500000E+00  0.17334051E-02
 0.76000000E+00  0.15598484E-02
 0.76500000E+00  0.14014492E-02
 0.77000000E+00  0.12570920E-02
 0.77500000E+00  0.11257262E-02
 0.78000000E+00  0.10063631E-02
 0.78500000E+00  0.89807377E-03
 0.79000000E+00  0.79998660E-03
 0.79500000E+00  0.71128486E-03
 0.80000000E+00  0.63120434E-03
 0.80500000E+00  0.55903102E-03
 0.81000000E+00  0.49409872E-03
 0.81500000E+00  0.43578682E-03
 0.82000000E+00  0.38351800E-03
 0.82500000E+00  0.33675606E-03
 0.83000000E+00  0.29500378E-03
 0.83500000E+00  0.25780077E-03
 0.84000000E+00  0.22472149E-03
 0.84500000E+00  0.19537320E-03
 0.85000000E+00  0.16939413E-03
 0.85500000E+00  0.14645154E-03
 0.86000000E+00  0.12623996E-03
 0.86500000E+00  0.10847949E-03
 0.87000000E+00  0.92914097E-04
 0.87500000E+00  0.79310070E-04
 0.88000000E+00  0.67454464E-04
 0.88500000E+00  0.57153667E-04
 0.89000000E+00  0.48232008E-04
 0.89500000E+00  0.40530442E-04
 0.90000000E+00  0.33905300E-04
 0.90500000E+00  0.28227100E-04
 0.91000000E+00  0.23379432E-04
 0.91500000E+00  0.19257894E-04
 0.92000000E+00  0.15769101E-04
 0.92500000E+00  0.12829749E-04
 0.93000000E+00  0.10365734E-04
 0.93500000E+00  0.83113342E-05
 0.94000000E+00  0.66084404E-05
 0.94500000E+00  0.52058448E-05
 0.95000000E+00  0.40585754E-05
 0.95500000E+00  0.31272806E-05
 0.96000000E+00  0.23776602E-05
 0.96500000E+00  0.17799398E-05
 0.97000000E+00  0.13083871E-05
 0.97500000E+00  0.94086824E-06
 0.98000000E+00  0.65844124E-06
 0.98500000E+00  0.44498497E-06
 0.99000000E+00  0.28686145E-06
 0.99500000E+00  0.17260934E-06
 0.10000000E+01  0.92666718E-07
