 0.00000000E+00  0.10000000E+01
 0.50000000E-02  0.10000000E+01
 0.10000000E-01  0.99967408E+00
 0.15000000E-01  0.99913110E+00
 0.20000000E-01  0.99837136E+00
 0.25000000E-01  0.99739532E+00
 0.30000000E-01  0.99620355E+00
 0.35000000E-01  0.99479674E+00
 0.40000000E-01  0.99317571E+00
 0.45000000E-01  0.99134142E+00
 0.50000000E-01  0.98929492E+00
 0.55000000E-01  0.98703741E+00
 0.60000000E-01  0.98457021E+00
 0.65000000E-01  0.98189475E+00
 0.70000000E-01  0.97901259E+00
 0.75000000E-01  0.97592539E+00
 0.80000000E-01  0.97263495E+00
 0.85000000E-01  0.96914316E+00
 0.90000000E-01  0.96545205E+00
 0.95000000E-01  0.96156374E+00
 0.10000000E+00  0.95748046E+00
 0.10500000E+00  0.95320457E+00
 0.11000000E+00  0.94873852E+00
 0.11500000E+00  0.94408485E+00
 0.12000000E+00  0.93924622E+00
 0.12500000E+00  0.93422539E+00
 0.13000000E+00  0.92902521E+00
 0.13500000E+00  0.92364863E+00
 0.14000000E+00  0.91809867E+00
 0.14500000E+00  0.91237848E+00
 0.15000000E+00  0.90649125E+00
 0.15500000E+00  0.90044029E+00
 0.16000000E+00  0.89422898E+00
 0.16500000E+00  0.88786076E+00
 0.17000000E+00  0.88133918E+00
 0.17500000E+00  0.87466782E+00
 0.18000000E+00  0.86785037E+00
 0.18500000E+00  0.86089056E+00
 0.19000000E+00  0.85379220E+00
 0.19500000E+00  0.84655914E+00
 0.20000000E+00  0.83919530E+00
 0.20500000E+00  0.83170465E+00
 0.21000000E+00  0.82409122E+00
 0.21500000E+00  0.81635907E+00
 0.22000000E+00  0.80851231E+00
 0.22500000E+00  0.80055510E+00
 0.23000000E+00  0.79249162E+00
 0.23500000E+00  0.78432609E+00
 0.24000000E+00  0.77606277E+00
 0.24500000E+00  0.76770594E+00
 0.25000000E+00  0.75925989E+00
 0.25500000E+00  0.75072896E+00
 0.26000000E+00  0.74211748E+00
 0.26500000E+00  0.73342979E+00
 0.27000000E+00  0.72467028E+00
 0.27500000E+00  0.71584329E+00
 0.28000000E+00  0.70695320E+00
 0.28500000E+00  0.69800440E+00
 0.29000000E+00  0.68900123E+00
 0.29500000E+00  0.67994807E+00
 0.30000000E+00  0.67084926E+00
 0.30500000E+00  0.66170914E+00
 0.31000000E+00  0.65253204E+00
 0.31500000E+00  0.64332225E+00
 0.32000000E+00  0.63408406E+00
 0.32500000E+00  0.62482171E+00
 0.33000000E+00  0.61553944E+00
 0.33500000E+00  0.60624144E+00
 0.34000000E+00  0.59693186E+00
 0.34500000E+00  0.58761483E+00
 0.35000000E+00  0.57829443E+00
 0.35500000E+00  0.56897470E+00
 0.36000000E+00  0.55965963E+00
 0.36500000E+00  0.55035316E+00
 0.37000000E+00  0.54105919E+00
 0.37500000E+00  0.53178157E+00
 0.38000000E+00  0.52252406E+00
 0.38500000E+00  0.51329042E+00
 0.39000000E+00  0.50408429E+00
 0.39500000E+00  0.49490929E+00
 0.40000000E+00  0.48576896E+00
 0.40500000E+00  0.47666677E+00
 0.41000000E+00  0.46760612E+00
 0.41500000E+00  0.45859037E+00
 0.42000000E+00  0.44962276E+00
 0.42500000E+00  0.44070649E+00
 0.43000000E+00  0.43184467E+00
 0.43500000E+00  0.42304035E+00
 0.44000000E+00  0.41429649E+00
 0.44500000E+00  0.40561596E+00
 0.45000000E+00  0.39700156E+00
 0.45500000E+00  0.38845602E+00
 0.46000000E+00  0.37998197E+00
 0.46500000E+00  0.37158196E+00
 0.47000000E+00  0.36325846E+00
 0.47500000E+00  0.35501385E+00
 0.48000000E+00  0.34685042E+00
 0.48500000E+00  0.33877039E+00
 0.49000000E+00  0.33077587E+00
 0.49500000E+00  0.32286889E+00
 0.50000000E+00  0.31505141E+00
 0.50500000E+00  0.30732527E+00
 0.51000000E+00  0.29969224E+00
 0.51500000E+00  0.29215400E+00
 0.52000000E+00  0.28471214E+00
 0.52500000E+00  0.27736816E+00
 0.53000000E+00  0.27012346E+00
 0.53500000E+00  0.26297938E+00
 0.54000000E+00  0.25593715E+00
 0.54500000E+00  0.24899792E+00
 0.55000000E+00  0.24216273E+00
 0.55500000E+00  0.23543258E+00
 0.56000000E+00  0.22880834E+00
 0.56500000E+00  0.22229081E+00
 0.57000000E+00  0.21588072E+00
 0.57500000E+00  0.20957868E+00
 0.58000000E+00  0.20338527E+00
 0.58500000E+00  0.19730094E+00
 0.59000000E+00  0.19132607E+00
 0.59500000E+00  0.18546098E+00
 0.60000000E+00  0.17970589E+00
 0.60500000E+00  0.17406096E+00
 0.61000000E+00  0.16852626E+00
 0.61500000E+00  0.16310178E+00
 0.62000000E+00  0.15778746E+00
 0.62500000E+00  0.15258315E+00
 0.63000000E+00  0.14748863E+00
 0.63500000E+00  0.14250361E+00
 0.64000000E+00  0.13762774E+00
 0.64500000E+00  0.13286060E+00
 0.65000000E+00  0.12820171E+00
 0.65500000E+00  0.12365051E+00
 0.66000000E+00  0.11920641E+00
 0.66500000E+00  0.11486874E+00
 0.67000000E+00  0.11063676E+00
 0.67500000E+00  0.10650970E+00
 0.68000000E+00  0.10248672E+00
 0.68500000E+00  0.98566941E-01
 0.69000000E+00  0.94749422E-01
 0.69500000E+00  0.91033178E-01
 0.70000000E+00  0.87417177E-01
 0.70500000E+00  0.83900343E-01
 0.71000000E+00  0.80481555E-01
 0.71500000E+00  0.77159655E-01
 0.72000000E+00  0.73933443E-01
 0.72500000E+00  0.70801683E-01
 0.73000000E+00  0.67763104E-01
 0.73500000E+00  0.64816402E-01
 0.74000000E+00  0.61960241E-01
 0.74500000E+00  0.59193257E-01
 0.75000000E+00  0.56514057E-01
 0.75500000E+00  0.53921223E-01
 0.76000000E+00  0.51413314E-01
 0.76500000E+00  0.48988866E-01
 0.77000000E+00  0.46646396E-01
 0.77500000E+00  0.44384402E-01
 0.78000000E+00  0.42201366E-01
 0.78500000E+00  0.40095756E-01
 0.79000000E+00  0.38066026E-01
 0.79500000E+00  0.36110619E-01
 0.80000000E+00  0.34227971E-01
 0.80500000E+00  0.32416507E-01
 0.81000000E+00  0.30674647E-01
 0.81500000E+00  0.29000808E-01
 0.82000000E+00  0.27393403E-01
 0.82500000E+00  0.25850843E-01
 0.83000000E+00  0.24371541E-01
 0.83500000E+00  0.22953911E-01
 0.84000000E+00  0.21596370E-01
 0.84500000E+00  0.20297338E-01
 0.85000000E+00  0.19055245E-01
 0.85500000E+00  0.17868524E-01
 0.86000000E+00  0.16735620E-01
 0.86500000E+00  0.15654985E-01
 0.87000000E+00  0.14625085E-01
 0.87500000E+00  0.13644397E-01
 0.88000000E+00  0.12711409E-01
 0.88500000E+00  0.11824627E-01
 0.89000000E+00  0.10982572E-01
 0.89500000E+00  0.10183778E-01
 0.90000000E+00  0.94268021E-02
 0.90500000E+00  0.87102149E-02
 0.91000000E+00  0.80326086E-02
 0.91500000E+00  0.73925951E-02
 0.92000000E+00  0.67888068E-02
 0.92500000E+00  0.62198979E-02
 0.93000000E+00  0.56845450E-02
 0.93500000E+00  0.51814473E-02
 0.94000000E+00  0.47093276E-02
 0.94500000E+00  0.42669328E-02
 0.95000000E+00  0.38530344E-02
 0.95500000E+00  0.34664288E-02
 0.96000000E+00  0.31059380E-02
 0.96500000E+00  0.27704098E-02
 0.97000000E+00  0.24587181E-02
 0.97500000E+00  0.21697634E-02
 0.98000000E+00  0.19024729E-02
 0.98500000E+00  0.16558007E-02
 0.99000000E+00  0.14287281E-02
 0.99500000E+00  0.12202639E-02
 0.10000000E+01  0.10294439E-02
