 0.10000000E-01  0.10000000E+00  0.10000000E+01  0.10000000E+01
 0.20000000E-01  0.20000000E+00  0.99869019E+00  0.99869019E+00
 0.30000000E-01  0.30000000E+00  0.99651059E+00  0.99651059E+00
 0.40000000E-01  0.40000000E+00  0.99346633E+00  0.99346633E+00
 0.50000000E-01  0.50000000E+00  0.98956455E+00  0.98956455E+00
 0.60000000E-01  0.60000000E+00  0.98481439E+00  0.98481439E+00
 0.70000000E-01  0.70000000E+00  0.97922695E+00  0.97922695E+00
 0.80000000E-01  0.80000000E+00  0.97281528E+00  0.97281528E+00
 0.90000000E-01  0.90000000E+00  0.96559429E+00  0.96559429E+00
 0.10000000E+00  0.10000000E+01  0.95758072E+00  0.95758072E+00
 0.11000000E+00  0.11000000E+01  0.94879308E+00  0.94879308E+00
 0.12000000E+00  0.12000000E+01  0.93925159E+00  0.93925159E+00
 0.13000000E+00  0.13000000E+01  0.92897812E+00  0.92897812E+00
 0.14000000E+00  0.14000000E+01  0.91799607E+00  0.91799607E+00
 0.15000000E+00  0.15000000E+01  0.90633034E+00  0.90633034E+00
 0.16000000E+00  0.16000000E+01  0.89400722E+00  0.89400722E+00
 0.17000000E+00  0.17000000E+01  0.88105430E+00  0.88105430E+00
 0.18000000E+00  0.18000000E+01  0.86750039E+00  0.86750039E+00
 0.19000000E+00  0.19000000E+01  0.85337540E+00  0.85337540E+00
 0.20000000E+00  0.20000000E+01  0.83871027E+00  0.83871027E+00
 0.21000000E+00  0.21000000E+01  0.82353684E+00  0.82353684E+00
 0.22000000E+00  0.22000000E+01  0.80788776E+00  0.80788776E+00
 0.23000000E+00  0.23000000E+01  0.79179638E+00  0.79179638E+00
 0.24000000E+00  0.24000000E+01  0.77529662E+00  0.77529662E+00
 0.25000000E+00  0.25000000E+01  0.75842291E+00  0.75842291E+00
 0.26000000E+00  0.26000000E+01  0.74121004E+00  0.74121004E+00
 0.27000000E+00  0.27000000E+01  0.72369305E+00  0.72369305E+00
 0.28000000E+00  0.28000000E+01  0.70590714E+00  0.70590714E+00
 0.29000000E+00  0.29000000E+01  0.68788757E+00  0.68788757E+00
 0.30000000E+00  0.30000000E+01  0.66966950E+00  0.66966950E+00
 0.31000000E+00  0.31000000E+01  0.65128796E+00  0.65128796E+00
 0.32000000E+00  0.32000000E+01  0.63277767E+00  0.63277767E+00
 0.33000000E+00  0.33000000E+01  0.61417302E+00  0.61417302E+00
 0.34000000E+00  0.34000000E+01  0.59550788E+00  0.59550788E+00
 0.35000000E+00  0.35000000E+01  0.57681560E+00  0.57681560E+00
 0.36000000E+00  0.36000000E+01  0.55812884E+00  0.55812884E+00
 0.37000000E+00  0.37000000E+01  0.53947953E+00  0.53947953E+00
 0.38000000E+00  0.38000000E+01  0.52089878E+00  0.52089878E+00
 0.39000000E+00  0.39000000E+01  0.50241679E+00  0.50241679E+00
 0.40000000E+00  0.40000000E+01  0.48406279E+00  0.48406279E+00
 0.41000000E+00  0.41000000E+01  0.46586493E+00  0.46586493E+00
 0.42000000E+00  0.42000000E+01  0.44785029E+00  0.44785029E+00
 0.43000000E+00  0.43000000E+01  0.43004478E+00  0.43004478E+00
 0.44000000E+00  0.44000000E+01  0.41247305E+00  0.41247305E+00
 0.45000000E+00  0.45000000E+01  0.39515853E+00  0.39515853E+00
 0.46000000E+00  0.46000000E+01  0.37812331E+00  0.37812331E+00
 0.47000000E+00  0.47000000E+01  0.36138815E+00  0.36138815E+00
 0.48000000E+00  0.48000000E+01  0.34497243E+00  0.34497243E+00
 0.49000000E+00  0.49000000E+01  0.32889413E+00  0.32889413E+00
 0.50000000E+00  0.50000000E+01  0.31316983E+00  0.31316983E+00
 0.51000000E+00  0.51000000E+01  0.29781466E+00  0.29781466E+00
 0.52000000E+00  0.52000000E+01  0.28284233E+00  0.28284233E+00
 0.53000000E+00  0.53000000E+01  0.26826510E+00  0.26826510E+00
 0.54000000E+00  0.54000000E+01  0.25409381E+00  0.25409381E+00
 0.55000000E+00  0.55000000E+01  0.24033787E+00  0.24033787E+00
 0.56000000E+00  0.56000000E+01  0.22700528E+00  0.22700528E+00
 0.57000000E+00  0.57000000E+01  0.21410265E+00  0.21410265E+00
 0.58000000E+00  0.58000000E+01  0.20163523E+00  0.20163523E+00
 0.59000000E+00  0.59000000E+01  0.18960693E+00  0.18960693E+00
 0.60000000E+00  0.60000000E+01  0.17802035E+00  0.17802035E+00
 0.61000000E+00  0.61000000E+01  0.16687685E+00  0.16687685E+00
 0.62000000E+00  0.62000000E+01  0.15617652E+00  0.15617652E+00
 0.63000000E+00  0.63000000E+01  0.14591831E+00  0.14591831E+00
 0.64000000E+00  0.64000000E+01  0.13610000E+00  0.13610000E+00
 0.65000000E+00  0.65000000E+01  0.12671831E+00  0.12671831E+00
 0.66000000E+00  0.66000000E+01  0.11776893E+00  0.11776893E+00
 0.67000000E+00  0.67000000E+01  0.10924654E+00  0.10924654E+00
 0.68000000E+00  0.68000000E+01  0.10114494E+00  0.10114494E+00
 0.69000000E+00  0.69000000E+01  0.93457040E-01  0.93457040E-01
 0.70000000E+00  0.70000000E+01  0.86174959E-01  0.86174959E-01
 0.71000000E+00  0.71000000E+01  0.79290071E-01  0.79290071E-01
 0.72000000E+00  0.72000000E+01  0.72793074E-01  0.72793074E-01
 0.73000000E+00  0.73000000E+01  0.66674044E-01  0.66674044E-01
 0.74000000E+00  0.74000000E+01  0.60922505E-01  0.60922505E-01
 0.75000000E+00  0.75000000E+01  0.55527483E-01  0.55527483E-01
 0.76000000E+00  0.76000000E+01  0.50477574E-01  0.50477574E-01
 0.77000000E+00  0.77000000E+01  0.45761001E-01  0.45761001E-01
 0.78000000E+00  0.78000000E+01  0.41365676E-01  0.41365676E-01
 0.79000000E+00  0.79000000E+01  0.37279257E-01  0.37279257E-01
 0.80000000E+00  0.80000000E+01  0.33489205E-01  0.33489205E-01
 0.81000000E+00  0.81000000E+01  0.29982840E-01  0.29982840E-01
 0.82000000E+00  0.82000000E+01  0.26747396E-01  0.26747396E-01
 0.83000000E+00  0.83000000E+01  0.23770072E-01  0.23770072E-01
 0.84000000E+00  0.84000000E+01  0.21038078E-01  0.21038078E-01
 0.85000000E+00  0.85000000E+01  0.18538689E-01  0.18538689E-01
 0.86000000E+00  0.86000000E+01  0.16259282E-01  0.16259282E-01
 0.87000000E+00  0.87000000E+01  0.14187384E-01  0.14187384E-01
 0.88000000E+00  0.88000000E+01  0.12310708E-01  0.12310708E-01
 0.89000000E+00  0.89000000E+01  0.10617194E-01  0.10617194E-01
 0.90000000E+00  0.90000000E+01  0.90950347E-02  0.90950347E-02
 0.91000000E+00  0.91000000E+01  0.77327161E-02  0.77327161E-02
 0.92000000E+00  0.92000000E+01  0.65190389E-02  0.65190389E-02
 0.93000000E+00  0.93000000E+01  0.54431466E-02  0.54431466E-02
 0.94000000E+00  0.94000000E+01  0.44945469E-02  0.44945469E-02
 0.95000000E+00  0.95000000E+01  0.36631318E-02  0.36631318E-02
 0.96000000E+00  0.96000000E+01  0.29391936E-02  0.29391936E-02
 0.97000000E+00  0.97000000E+01  0.23134392E-02  0.23134392E-02
 0.98000000E+00  0.98000000E+01  0.17770010E-02  0.17770010E-02
 0.99000000E+00  0.99000000E+01  0.13214454E-02  0.13214454E-02
 0.10000000E+01  0.10000000E+02  0.93877881E-03  0.93877881E-03
 0.10100000E+01  0.10100000E+02  0.62145090E-03  0.62145090E-03
 0.10200000E+01  0.10200000E+02  0.36235578E-03  0.36235578E-03
 0.10300000E+01  0.10300000E+02  0.15483078E-03  0.15483078E-03
 0.10400000E+01  0.10400000E+02 -0.73468472E-05  0.73468472E-05
 0.10500000E+01  0.10500000E+02 -0.12996527E-03  0.12996527E-03
 0.10600000E+01  0.10600000E+02 -0.21838521E-03  0.21838521E-03
 0.10700000E+01  0.10700000E+02 -0.27754892E-03  0.27754892E-03
 0.10800000E+01  0.10800000E+02 -0.31199059E-03  0.31199059E-03
 0.10900000E+01  0.10900000E+02 -0.32584833E-03  0.32584833E-03
 0.11000000E+01  0.11000000E+02 -0.32287739E-03  0.32287739E-03
 0.11100000E+01  0.11100000E+02 -0.30646450E-03  0.30646450E-03
 0.11200000E+01  0.11200000E+02 -0.27964324E-03  0.27964324E-03
 0.11300000E+01  0.11300000E+02 -0.24511028E-03  0.24511028E-03
 0.11400000E+01  0.11400000E+02 -0.20524226E-03  0.20524226E-03
 0.11500000E+01  0.11500000E+02 -0.16211334E-03  0.16211334E-03
 0.11600000E+01  0.11600000E+02 -0.11751305E-03  0.11751305E-03
 0.11700000E+01  0.11700000E+02 -0.72964579E-04  0.72964579E-04
 0.11800000E+01  0.11800000E+02 -0.29743099E-04  0.29743099E-04
 0.11900000E+01  0.11900000E+02  0.11105757E-04  0.11105757E-04
 0.12000000E+01  0.12000000E+02  0.48747553E-04  0.48747553E-04
 0.12100000E+01  0.12100000E+02  0.82540862E-04  0.82540862E-04
 0.12200000E+01  0.12200000E+02  0.11201937E-03  0.11201937E-03
 0.12300000E+01  0.12300000E+02  0.13687434E-03  0.13687434E-03
 0.12400000E+01  0.12400000E+02  0.15693757E-03  0.15693757E-03
 0.12500000E+01  0.12500000E+02  0.17216487E-03  0.17216487E-03
 0.12600000E+01  0.12600000E+02  0.18262019E-03  0.18262019E-03
 0.12700000E+01  0.12700000E+02  0.18846037E-03  0.18846037E-03
 0.12800000E+01  0.12800000E+02  0.18992070E-03  0.18992070E-03
 0.12900000E+01  0.12900000E+02  0.18730119E-03  0.18730119E-03
 0.13000000E+01  0.13000000E+02  0.18095374E-03  0.18095374E-03
 0.13100000E+01  0.13100000E+02  0.17127010E-03  0.17127010E-03
 0.13200000E+01  0.13200000E+02  0.15867074E-03  0.15867074E-03
 0.13300000E+01  0.13300000E+02  0.14359461E-03  0.14359461E-03
 0.13400000E+01  0.13400000E+02  0.12648978E-03  0.12648978E-03
 0.13500000E+01  0.13500000E+02  0.10780501E-03  0.10780501E-03
 0.13600000E+01  0.13600000E+02  0.87982250E-04  0.87982250E-04
 0.13700000E+01  0.13700000E+02  0.67449915E-04  0.67449915E-04
 0.13800000E+01  0.13800000E+02  0.46617159E-04  0.46617159E-04
 0.13900000E+01  0.13900000E+02  0.25868914E-04  0.25868914E-04
 0.14000000E+01  0.14000000E+02  0.55617824E-05  0.55617824E-05
 0.14100000E+01  0.14100000E+02 -0.13979297E-04  0.13979297E-04
 0.14200000E+01  0.14200000E+02 -0.32463627E-04  0.32463627E-04
 0.14300000E+01  0.14300000E+02 -0.49636620E-04  0.49636620E-04
 0.14400000E+01  0.14400000E+02 -0.65281000E-04  0.65281000E-04
 0.14500000E+01  0.14500000E+02 -0.79217379E-04  0.79217379E-04
 0.14600000E+01  0.14600000E+02 -0.91304265E-04  0.91304265E-04
 0.14700000E+01  0.14700000E+02 -0.10143754E-03  0.10143754E-03
 0.14800000E+01  0.14800000E+02 -0.10954946E-03  0.10954946E-03
 0.14900000E+01  0.14900000E+02 -0.11560725E-03  0.11560725E-03
 0.15000000E+01  0.15000000E+02 -0.11961128E-03  0.11961128E-03
 0.15100000E+01  0.15100000E+02 -0.12159301E-03  0.12159301E-03
 0.15200000E+01  0.15200000E+02 -0.12161252E-03  0.12161252E-03
 0.15300000E+01  0.15300000E+02 -0.11975599E-03  0.11975599E-03
 0.15400000E+01  0.15400000E+02 -0.11613286E-03  0.11613286E-03
 0.15500000E+01  0.15500000E+02 -0.11087296E-03  0.11087296E-03
 0.15600000E+01  0.15600000E+02 -0.10412348E-03  0.10412348E-03
 0.15700000E+01  0.15700000E+02 -0.96045988E-04  0.96045988E-04
 0.15800000E+01  0.15800000E+02 -0.86813338E-04  0.86813338E-04
 0.15900000E+01  0.15900000E+02 -0.76606720E-04  0.76606720E-04
 0.16000000E+01  0.16000000E+02 -0.65612713E-04  0.65612713E-04
 0.16100000E+01  0.16100000E+02 -0.54020456E-04  0.54020456E-04
 0.16200000E+01  0.16200000E+02 -0.42018952E-04  0.42018952E-04
 0.16300000E+01  0.16300000E+02 -0.29794523E-04  0.29794523E-04
 0.16400000E+01  0.16400000E+02 -0.17528438E-04  0.17528438E-04
 0.16500000E+01  0.16500000E+02 -0.53947376E-05  0.53947376E-05
 0.16600000E+01  0.16600000E+02  0.64417378E-05  0.64417378E-05
 0.16700000E+01  0.16700000E+02  0.17827095E-04  0.17827095E-04
 0.16800000E+01  0.16800000E+02  0.28619911E-04  0.28619911E-04
 0.16900000E+01  0.16900000E+02  0.38692515E-04  0.38692515E-04
 0.17000000E+01  0.17000000E+02  0.47932039E-04  0.47932039E-04
 0.17100000E+01  0.17100000E+02  0.56241233E-04  0.56241233E-04
 0.17200000E+01  0.17200000E+02  0.63539036E-04  0.63539036E-04
 0.17300000E+01  0.17300000E+02  0.69760928E-04  0.69760928E-04
 0.17400000E+01  0.17400000E+02  0.74859054E-04  0.74859054E-04
 0.17500000E+01  0.17500000E+02  0.78802139E-04  0.78802139E-04
 0.17600000E+01  0.17600000E+02  0.81575200E-04  0.81575200E-04
 0.17700000E+01  0.17700000E+02  0.83179073E-04  0.83179073E-04
 0.17800000E+01  0.17800000E+02  0.83629758E-04  0.83629758E-04
 0.17900000E+01  0.17900000E+02  0.82957622E-04  0.82957622E-04
 0.18000000E+01  0.18000000E+02  0.81206443E-04  0.81206443E-04
 0.18100000E+01  0.18100000E+02  0.78432346E-04  0.78432346E-04
 0.18200000E+01  0.18200000E+02  0.74702623E-04  0.74702623E-04
 0.18300000E+01  0.18300000E+02  0.70094472E-04  0.70094472E-04
 0.18400000E+01  0.18400000E+02  0.64693665E-04  0.64693665E-04
 0.18500000E+01  0.18500000E+02  0.58593166E-04  0.58593166E-04
 0.18600000E+01  0.18600000E+02  0.51891717E-04  0.51891717E-04
 0.18700000E+01  0.18700000E+02  0.44692414E-04  0.44692414E-04
 0.18800000E+01  0.18800000E+02  0.37101278E-04  0.37101278E-04
 0.18900000E+01  0.18900000E+02  0.29225854E-04  0.29225854E-04
 0.19000000E+01  0.19000000E+02  0.21173838E-04  0.21173838E-04
 0.19100000E+01  0.19100000E+02  0.13051757E-04  0.13051757E-04
 0.19200000E+01  0.19200000E+02  0.49637122E-05  0.49637122E-05
 0.19300000E+01  0.19300000E+02 -0.29898066E-05  0.29898066E-05
 0.19400000E+01  0.19400000E+02 -0.10713018E-04  0.10713018E-04
 0.19500000E+01  0.19500000E+02 -0.18115854E-04  0.18115854E-04
 0.19600000E+01  0.19600000E+02 -0.25114857E-04  0.25114857E-04
 0.19700000E+01  0.19700000E+02 -0.31633978E-04  0.31633978E-04
 0.19800000E+01  0.19800000E+02 -0.37605245E-04  0.37605245E-04
 0.19900000E+01  0.19900000E+02 -0.42969333E-04  0.42969333E-04
 0.20000000E+01  0.20000000E+02 -0.47675992E-04  0.47675992E-04
 0.20100000E+01  0.20100000E+02 -0.51684375E-04  0.51684375E-04
 0.20200000E+01  0.20200000E+02 -0.54963232E-04  0.54963232E-04
 0.20300000E+01  0.20300000E+02 -0.57490989E-04  0.57490989E-04
 0.20400000E+01  0.20400000E+02 -0.59255718E-04  0.59255718E-04
 0.20500000E+01  0.20500000E+02 -0.60254985E-04  0.60254985E-04
 0.20600000E+01  0.20600000E+02 -0.60495603E-04  0.60495603E-04
 0.20700000E+01  0.20700000E+02 -0.59993280E-04  0.59993280E-04
 0.20800000E+01  0.20800000E+02 -0.58772178E-04  0.58772178E-04
 0.20900000E+01  0.20900000E+02 -0.56864382E-04  0.56864382E-04
 0.21000000E+01  0.21000000E+02 -0.54309307E-04  0.54309307E-04
 0.21100000E+01  0.21100000E+02 -0.51153022E-04  0.51153022E-04
 0.21200000E+01  0.21200000E+02 -0.47447530E-04  0.47447530E-04
 0.21300000E+01  0.21300000E+02 -0.43249996E-04  0.43249996E-04
 0.21400000E+01  0.21400000E+02 -0.38621941E-04  0.38621941E-04
 0.21500000E+01  0.21500000E+02 -0.33628406E-04  0.33628406E-04
 0.21600000E+01  0.21600000E+02 -0.28337104E-04  0.28337104E-04
 0.21700000E+01  0.21700000E+02 -0.22817564E-04  0.22817564E-04
 0.21800000E+01  0.21800000E+02 -0.17140275E-04  0.17140275E-04
 0.21900000E+01  0.21900000E+02 -0.11375851E-04  0.11375851E-04
 0.22000000E+01  0.22000000E+02 -0.55942106E-05  0.55942106E-05
 0.22100000E+01  0.22100000E+02  0.13621109E-06  0.13621109E-06
 0.22200000E+01  0.22200000E+02  0.57492095E-05  0.57492095E-05
 0.22300000E+01  0.22300000E+02  0.11181515E-04  0.11181515E-04
 0.22400000E+01  0.22400000E+02  0.16373446E-04  0.16373446E-04
 0.22500000E+01  0.22500000E+02  0.21269499E-04  0.21269499E-04
 0.22600000E+01  0.22600000E+02  0.25818882E-04  0.25818882E-04
 0.22700000E+01  0.22700000E+02  0.29975980E-04  0.29975980E-04
 0.22800000E+01  0.22800000E+02  0.33700743E-04  0.33700743E-04
 0.22900000E+01  0.22900000E+02  0.36959015E-04  0.36959015E-04
 0.23000000E+01  0.23000000E+02  0.39722772E-04  0.39722772E-04
 0.23100000E+01  0.23100000E+02  0.41970298E-04  0.41970298E-04
 0.23200000E+01  0.23200000E+02  0.43686285E-04  0.43686285E-04
 0.23300000E+01  0.23300000E+02  0.44861846E-04  0.44861846E-04
 0.23400000E+01  0.23400000E+02  0.45494474E-04  0.45494474E-04
 0.23500000E+01  0.23500000E+02  0.45587919E-04  0.45587919E-04
 0.23600000E+01  0.23600000E+02  0.45151999E-04  0.45151999E-04
 0.23700000E+01  0.23700000E+02  0.44202353E-04  0.44202353E-04
 0.23800000E+01  0.23800000E+02  0.42760133E-04  0.42760133E-04
 0.23900000E+01  0.23900000E+02  0.40851636E-04  0.40851636E-04
 0.24000000E+01  0.24000000E+02  0.38507901E-04  0.38507901E-04
 0.24100000E+01  0.24100000E+02  0.35764247E-04  0.35764247E-04
 0.24200000E+01  0.24200000E+02  0.32659787E-04  0.32659787E-04
 0.24300000E+01  0.24300000E+02  0.29236905E-04  0.29236905E-04
 0.24400000E+01  0.24400000E+02  0.25540709E-04  0.25540709E-04
 0.24500000E+01  0.24500000E+02  0.21618467E-04  0.21618467E-04
 0.24600000E+01  0.24600000E+02  0.17519036E-04  0.17519036E-04
 0.24700000E+01  0.24700000E+02  0.13292280E-04  0.13292280E-04
 0.24800000E+01  0.24800000E+02  0.89884910E-05  0.89884910E-05
 0.24900000E+01  0.24900000E+02  0.46578244E-05  0.46578244E-05
 0.25000000E+01  0.25000000E+02  0.34973946E-06  0.34973946E-06
 0.25100000E+01  0.25100000E+02 -0.38875335E-05  0.38875335E-05
 0.25200000E+01  0.25200000E+02 -0.80075043E-05  0.80075043E-05
 0.25300000E+01  0.25300000E+02 -0.11965903E-04  0.11965903E-04
 0.25400000E+01  0.25400000E+02 -0.15721123E-04  0.15721123E-04
 0.25500000E+01  0.25500000E+02 -0.19234631E-04  0.19234631E-04
 0.25600000E+01  0.25600000E+02 -0.22471331E-04  0.22471331E-04
 0.25700000E+01  0.25700000E+02 -0.25399878E-04  0.25399878E-04
 0.25800000E+01  0.25800000E+02 -0.27992956E-04  0.27992956E-04
 0.25900000E+01  0.25900000E+02 -0.30227497E-04  0.30227497E-04
 0.26000000E+01  0.26000000E+02 -0.32084848E-04  0.32084848E-04
 0.26100000E+01  0.26100000E+02 -0.33550895E-04  0.33550895E-04
 0.26200000E+01  0.26200000E+02 -0.34616128E-04  0.34616128E-04
 0.26300000E+01  0.26300000E+02 -0.35275654E-04  0.35275654E-04
 0.26400000E+01  0.26400000E+02 -0.35529164E-04  0.35529164E-04
 0.26500000E+01  0.26500000E+02 -0.35380850E-04  0.35380850E-04
 0.26600000E+01  0.26600000E+02 -0.34839269E-04  0.34839269E-04
 0.26700000E+01  0.26700000E+02 -0.33917167E-04  0.33917167E-04
 0.26800000E+01  0.26800000E+02 -0.32631266E-04  0.32631266E-04
 0.26900000E+01  0.26900000E+02 -0.31001997E-04  0.31001997E-04
 0.27000000E+01  0.27000000E+02 -0.29053215E-04  0.29053215E-04
 0.27100000E+01  0.27100000E+02 -0.26811871E-04  0.26811871E-04
 0.27200000E+01  0.27200000E+02 -0.24307662E-04  0.24307662E-04
 0.27300000E+01  0.27300000E+02 -0.21572653E-04  0.21572653E-04
 0.27400000E+01  0.27400000E+02 -0.18640889E-04  0.18640889E-04
 0.27500000E+01  0.27500000E+02 -0.15547984E-04  0.15547984E-04
 0.27600000E+01  0.27600000E+02 -0.12330705E-04  0.12330705E-04
 0.27700000E+01  0.27700000E+02 -0.90265529E-05  0.90265529E-05
 0.27800000E+01  0.27800000E+02 -0.56733394E-05  0.56733394E-05
 0.27900000E+01  0.27900000E+02 -0.23087707E-05  0.23087707E-05
 0.28000000E+01  0.28000000E+02  0.10299598E-05  0.10299598E-05
 0.28100000E+01  0.28100000E+02  0.43065671E-05  0.43065671E-05
 0.28200000E+01  0.28200000E+02  0.74860524E-05  0.74860524E-05
 0.28300000E+01  0.28300000E+02  0.10535060E-04  0.10535060E-04
 0.28400000E+01  0.28400000E+02  0.13422211E-04  0.13422211E-04
 0.28500000E+01  0.28500000E+02  0.16118408E-04  0.16118408E-04
 0.28600000E+01  0.28600000E+02  0.18597114E-04  0.18597114E-04
 0.28700000E+01  0.28700000E+02  0.20834592E-04  0.20834592E-04
 0.28800000E+01  0.28800000E+02  0.22810116E-04  0.22810116E-04
 0.28900000E+01  0.28900000E+02  0.24506144E-04  0.24506144E-04
 0.29000000E+01  0.29000000E+02  0.25908456E-04  0.25908456E-04
 0.29100000E+01  0.29100000E+02  0.27006248E-04  0.27006248E-04
 0.29200000E+01  0.29200000E+02  0.27792193E-04  0.27792193E-04
 0.29300000E+01  0.29300000E+02  0.28262466E-04  0.28262466E-04
 0.29400000E+01  0.29400000E+02  0.28416722E-04  0.28416722E-04
 0.29500000E+01  0.29500000E+02  0.28258046E-04  0.28258046E-04
 0.29600000E+01  0.29600000E+02  0.27792864E-04  0.27792864E-04
 0.29700000E+01  0.29700000E+02  0.27030817E-04  0.27030817E-04
 0.29800000E+01  0.29800000E+02  0.25984607E-04  0.25984607E-04
 0.29900000E+01  0.29900000E+02  0.24669811E-04  0.24669811E-04
 0.30000000E+01  0.30000000E+02  0.23104669E-04  0.23104669E-04
