 0.10000000E-01  0.20000000E+00  0.10000000E+01  0.10000000E+01
 0.20000000E-01  0.40000000E+00  0.99718526E+00  0.99718526E+00
 0.30000000E-01  0.60000000E+00  0.99251074E+00  0.99251074E+00
 0.40000000E-01  0.80000000E+00  0.98600135E+00  0.98600135E+00
 0.50000000E-01  0.10000000E+01  0.97769166E+00  0.97769166E+00
 0.60000000E-01  0.12000000E+01  0.96762565E+00  0.96762565E+00
 0.70000000E-01  0.14000000E+01  0.95585628E+00  0.95585628E+00
 0.80000000E-01  0.16000000E+01  0.94244508E+00  0.94244508E+00
 0.90000000E-01  0.18000000E+01  0.92746167E+00  0.92746167E+00
 0.10000000E+00  0.20000000E+01  0.91098313E+00  0.91098313E+00
 0.11000000E+00  0.22000000E+01  0.89309339E+00  0.89309339E+00
 0.12000000E+00  0.24000000E+01  0.87388258E+00  0.87388258E+00
 0.13000000E+00  0.26000000E+01  0.85344627E+00  0.85344627E+00
 0.14000000E+00  0.28000000E+01  0.83188473E+00  0.83188473E+00
 0.15000000E+00  0.30000000E+01  0.80930216E+00  0.80930216E+00
 0.16000000E+00  0.32000000E+01  0.78580586E+00  0.78580586E+00
 0.17000000E+00  0.34000000E+01  0.76150544E+00  0.76150544E+00
 0.18000000E+00  0.36000000E+01  0.73651200E+00  0.73651200E+00
 0.19000000E+00  0.38000000E+01  0.71093731E+00  0.71093731E+00
 0.20000000E+00  0.40000000E+01  0.68489306E+00  0.68489306E+00
 0.21000000E+00  0.42000000E+01  0.65849003E+00  0.65849003E+00
 0.22000000E+00  0.44000000E+01  0.63183738E+00  0.63183738E+00
 0.23000000E+00  0.46000000E+01  0.60504193E+00  0.60504193E+00
 0.24000000E+00  0.48000000E+01  0.57820751E+00  0.57820751E+00
 0.25000000E+00  0.50000000E+01  0.55143431E+00  0.55143431E+00
 0.26000000E+00  0.52000000E+01  0.52481835E+00  0.52481835E+00
 0.27000000E+00  0.54000000E+01  0.49845092E+00  0.49845092E+00
 0.28000000E+00  0.56000000E+01  0.47241816E+00  0.47241816E+00
 0.29000000E+00  0.58000000E+01  0.44680064E+00  0.44680064E+00
 0.30000000E+00  0.60000000E+01  0.42167306E+00  0.42167306E+00
 0.31000000E+00  0.62000000E+01  0.39710394E+00  0.39710394E+00
 0.32000000E+00  0.64000000E+01  0.37315546E+00  0.37315546E+00
 0.33000000E+00  0.66000000E+01  0.34988328E+00  0.34988328E+00
 0.34000000E+00  0.68000000E+01  0.32733650E+00  0.32733650E+00
 0.35000000E+00  0.70000000E+01  0.30555760E+00  0.30555760E+00
 0.36000000E+00  0.72000000E+01  0.28458252E+00  0.28458252E+00
 0.37000000E+00  0.74000000E+01  0.26444072E+00  0.26444072E+00
 0.38000000E+00  0.76000000E+01  0.24515535E+00  0.24515535E+00
 0.39000000E+00  0.78000000E+01  0.22674342E+00  0.22674342E+00
 0.40000000E+00  0.80000000E+01  0.20921608E+00  0.20921608E+00
 0.41000000E+00  0.82000000E+01  0.19257883E+00  0.19257883E+00
 0.42000000E+00  0.84000000E+01  0.17683187E+00  0.17683187E+00
 0.43000000E+00  0.86000000E+01  0.16197042E+00  0.16197042E+00
 0.44000000E+00  0.88000000E+01  0.14798511E+00  0.14798511E+00
 0.45000000E+00  0.90000000E+01  0.13486229E+00  0.13486229E+00
 0.46000000E+00  0.92000000E+01  0.12258448E+00  0.12258448E+00
 0.47000000E+00  0.94000000E+01  0.11113076E+00  0.11113076E+00
 0.48000000E+00  0.96000000E+01  0.10047714E+00  0.10047714E+00
 0.49000000E+00  0.98000000E+01  0.90597004E-01  0.90597004E-01
 0.50000000E+00  0.10000000E+02  0.81461476E-01  0.81461476E-01
 0.51000000E+00  0.10200000E+02  0.73039825E-01  0.73039825E-01
 0.52000000E+00  0.10400000E+02  0.65299835E-01  0.65299835E-01
 0.53000000E+00  0.10600000E+02  0.58208170E-01  0.58208170E-01
 0.54000000E+00  0.10800000E+02  0.51730718E-01  0.51730718E-01
 0.55000000E+00  0.11000000E+02  0.45832909E-01  0.45832909E-01
 0.56000000E+00  0.11200000E+02  0.40480025E-01  0.40480025E-01
 0.57000000E+00  0.11400000E+02  0.35637470E-01  0.35637470E-01
 0.58000000E+00  0.11600000E+02  0.31271028E-01  0.31271028E-01
 0.59000000E+00  0.11800000E+02  0.27347085E-01  0.27347085E-01
 0.60000000E+00  0.12000000E+02  0.23832838E-01  0.23832838E-01
 0.61000000E+00  0.12200000E+02  0.20696466E-01  0.20696466E-01
 0.62000000E+00  0.12400000E+02  0.17907278E-01  0.17907278E-01
 0.63000000E+00  0.12600000E+02  0.15435845E-01  0.15435845E-01
 0.64000000E+00  0.12800000E+02  0.13254097E-01  0.13254097E-01
 0.65000000E+00  0.13000000E+02  0.11335398E-01  0.11335398E-01
 0.66000000E+00  0.13200000E+02  0.96546103E-02  0.96546103E-02
 0.67000000E+00  0.13400000E+02  0.81881243E-02  0.81881243E-02
 0.68000000E+00  0.13600000E+02  0.69138784E-02  0.69138784E-02
 0.69000000E+00  0.13800000E+02  0.58113586E-02  0.58113586E-02
 0.70000000E+00  0.14000000E+02  0.48615840E-02  0.48615840E-02
 0.71000000E+00  0.14200000E+02  0.40470780E-02  0.40470780E-02
 0.72000000E+00  0.14400000E+02  0.33518280E-02  0.33518280E-02
 0.73000000E+00  0.14600000E+02  0.27612347E-02  0.27612347E-02
 0.74000000E+00  0.14800000E+02  0.22620538E-02  0.22620538E-02
 0.75000000E+00  0.15000000E+02  0.18423298E-02  0.18423298E-02
 0.76000000E+00  0.15200000E+02  0.14913258E-02  0.14913258E-02
 0.77000000E+00  0.15400000E+02  0.11994487E-02  0.11994487E-02
 0.78000000E+00  0.15600000E+02  0.95817253E-03  0.95817253E-03
 0.79000000E+00  0.15800000E+02  0.75996021E-03  0.75996021E-03
 0.80000000E+00  0.16000000E+02  0.59818562E-03  0.59818562E-03
 0.81000000E+00  0.16200000E+02  0.46705634E-03  0.46705634E-03
 0.82000000E+00  0.16400000E+02  0.36153824E-03  0.36153824E-03
 0.83000000E+00  0.16600000E+02  0.27728256E-03  0.27728256E-03
 0.84000000E+00  0.16800000E+02  0.21055605E-03  0.21055605E-03
 0.85000000E+00  0.17000000E+02  0.15817465E-03  0.15817465E-03
 0.86000000E+00  0.17200000E+02  0.11744116E-03  0.11744116E-03
 0.87000000E+00  0.17400000E+02  0.86086993E-04  0.86086993E-04
 0.88000000E+00  0.17600000E+02  0.62218361E-04  0.62218361E-04
 0.89000000E+00  0.17800000E+02  0.44266851E-04  0.44266851E-04
 0.90000000E+00  0.18000000E+02  0.30944417E-04  0.30944417E-04
 0.91000000E+00  0.18200000E+02  0.21202744E-04  0.21202744E-04
 0.92000000E+00  0.18400000E+02  0.14196832E-04  0.14196832E-04
 0.93000000E+00  0.18600000E+02  0.92526395E-05  0.92526395E-05
 0.94000000E+00  0.18800000E+02  0.58385775E-05  0.58385775E-05
 0.95000000E+00  0.19000000E+02  0.35406025E-05  0.35406025E-05
 0.96000000E+00  0.19200000E+02  0.20406606E-05  0.20406606E-05
 0.97000000E+00  0.19400000E+02  0.10981985E-05  0.10981985E-05
 0.98000000E+00  0.19600000E+02  0.53446512E-06  0.53446512E-06
 0.99000000E+00  0.19800000E+02  0.21932135E-06  0.21932135E-06
 0.10000000E+01  0.20000000E+02  0.60281620E-07  0.60281620E-07
 0.10100000E+01  0.20200000E+02 -0.64793025E-08  0.64793025E-08
 0.10200000E+01  0.20400000E+02 -0.23408727E-07  0.23408727E-07
 0.10300000E+01  0.20600000E+02 -0.17385871E-07  0.17385871E-07
 0.10400000E+01  0.20800000E+02 -0.42798254E-08  0.42798254E-08
 0.10500000E+01  0.21000000E+02  0.75428588E-08  0.75428588E-08
 0.10600000E+01  0.21200000E+02  0.14579332E-07  0.14579332E-07
 0.10700000E+01  0.21400000E+02  0.16258846E-07  0.16258846E-07
 0.10800000E+01  0.21600000E+02  0.13576716E-07  0.13576716E-07
 0.10900000E+01  0.21800000E+02  0.81713650E-08  0.81713650E-08
 0.11000000E+01  0.22000000E+02  0.17401492E-08  0.17401492E-08
 0.11100000E+01  0.22200000E+02 -0.42933379E-08  0.42933379E-08
 0.11200000E+01  0.22400000E+02 -0.89322708E-08  0.89322708E-08
 0.11300000E+01  0.22600000E+02 -0.11637664E-07  0.11637664E-07
 0.11400000E+01  0.22800000E+02 -0.12282867E-07  0.12282867E-07
 0.11500000E+01  0.23000000E+02 -0.11066052E-07  0.11066052E-07
 0.11600000E+01  0.23200000E+02 -0.84060320E-08  0.84060320E-08
 0.11700000E+01  0.23400000E+02 -0.48390810E-08  0.48390810E-08
 0.11800000E+01  0.23600000E+02 -0.92811282E-09  0.92811282E-09
 0.11900000E+01  0.23800000E+02  0.28093696E-08  0.28093696E-08
 0.12000000E+01  0.24000000E+02  0.59519794E-08  0.59519794E-08
 0.12100000E+01  0.24200000E+02  0.82040059E-08  0.82040059E-08
 0.12200000E+01  0.24400000E+02  0.94059457E-08  0.94059457E-08
 0.12300000E+01  0.24600000E+02  0.95292957E-08  0.95292957E-08
 0.12400000E+01  0.24800000E+02  0.86594827E-08  0.86594827E-08
 0.12500000E+01  0.25000000E+02  0.69709262E-08  0.69709262E-08
 0.12600000E+01  0.25200000E+02  0.46980017E-08  0.46980017E-08
 0.12700000E+01  0.25400000E+02  0.21052142E-08  0.21052142E-08
 0.12800000E+01  0.25600000E+02 -0.54072297E-09  0.54072297E-09
 0.12900000E+01  0.25800000E+02 -0.29948835E-08  0.29948835E-08
 0.13000000E+01  0.26000000E+02 -0.50528689E-08  0.50528689E-08
 0.13100000E+01  0.26200000E+02 -0.65636089E-08  0.65636089E-08
 0.13200000E+01  0.26400000E+02 -0.74361076E-08  0.74361076E-08
 0.13300000E+01  0.26600000E+02 -0.76404983E-08  0.76404983E-08
 0.13400000E+01  0.26800000E+02 -0.72041288E-08  0.72041288E-08
 0.13500000E+01  0.27000000E+02 -0.62036544E-08  0.62036544E-08
 0.13600000E+01  0.27200000E+02 -0.47542564E-08  0.47542564E-08
 0.13700000E+01  0.27400000E+02 -0.29971461E-08  0.29971461E-08
 0.13800000E+01  0.27600000E+02 -0.10864753E-08  0.10864753E-08
 0.13900000E+01  0.27800000E+02  0.82333666E-09  0.82333666E-09
 0.14000000E+01  0.28000000E+02  0.25890114E-08  0.25890114E-08
 0.14100000E+01  0.28200000E+02  0.40878982E-08  0.40878982E-08
 0.14200000E+01  0.28400000E+02  0.52250938E-08  0.52250938E-08
 0.14300000E+01  0.28600000E+02  0.59379607E-08  0.59379607E-08
 0.14400000E+01  0.28800000E+02  0.61980062E-08  0.61980062E-08
 0.14500000E+01  0.29000000E+02  0.60102631E-08  0.60102631E-08
 0.14600000E+01  0.29200000E+02  0.54104576E-08  0.54104576E-08
 0.14700000E+01  0.29400000E+02  0.44603617E-08  0.44603617E-08
 0.14800000E+01  0.29600000E+02  0.32418018E-08  0.32418018E-08
 0.14900000E+01  0.29800000E+02  0.18498305E-08  0.18498305E-08
 0.15000000E+01  0.30000000E+02  0.38557344E-09  0.38557344E-09
 0.15100000E+01  0.30200000E+02 -0.10507691E-08  0.10507691E-08
 0.15200000E+01  0.30400000E+02 -0.23663384E-08  0.23663384E-08
 0.15300000E+01  0.30600000E+02 -0.34811002E-08  0.34811002E-08
 0.15400000E+01  0.30800000E+02 -0.43321304E-08  0.43321304E-08
 0.15500000E+01  0.31000000E+02 -0.48765346E-08  0.48765346E-08
 0.15600000E+01  0.31200000E+02 -0.50929302E-08  0.50929302E-08
 0.15700000E+01  0.31400000E+02 -0.49815094E-08  0.49815094E-08
 0.15800000E+01  0.31600000E+02 -0.45627837E-08  0.45627837E-08
 0.15900000E+01  0.31800000E+02 -0.38751812E-08  0.38751812E-08
 0.16000000E+01  0.32000000E+02 -0.29717209E-08  0.29717209E-08
 0.16100000E+01  0.32200000E+02 -0.19160223E-08  0.19160223E-08
 0.16200000E+01  0.32400000E+02 -0.77793037E-09  0.77793037E-09
 0.16300000E+01  0.32600000E+02  0.37096353E-09  0.37096353E-09
 0.16400000E+01  0.32800000E+02  0.14616406E-08  0.14616406E-08
 0.16500000E+01  0.33000000E+02  0.24315743E-08  0.24315743E-08
 0.16600000E+01  0.33200000E+02  0.32280518E-08  0.32280518E-08
 0.16700000E+01  0.33400000E+02  0.38107471E-08  0.38107471E-08
 0.16800000E+01  0.33600000E+02  0.41534443E-08  0.41534443E-08
 0.16900000E+01  0.33800000E+02  0.42448658E-08  0.42448658E-08
 0.17000000E+01  0.34000000E+02  0.40886123E-08  0.40886123E-08
 0.17100000E+01  0.34200000E+02  0.37022683E-08  0.37022683E-08
 0.17200000E+01  0.34400000E+02  0.31157709E-08  0.31157709E-08
 0.17300000E+01  0.34600000E+02  0.23691735E-08  0.23691735E-08
 0.17400000E+01  0.34800000E+02  0.15099597E-08  0.15099597E-08
 0.17500000E+01  0.35000000E+02  0.59007867E-09  0.59007867E-09
 0.17600000E+01  0.35200000E+02 -0.33712072E-09  0.33712072E-09
 0.17700000E+01  0.35400000E+02 -0.12198873E-08  0.12198873E-08
 0.17800000E+01  0.35600000E+02 -0.20108369E-08  0.20108369E-08
 0.17900000E+01  0.35800000E+02 -0.26693574E-08  0.26693574E-08
 0.18000000E+01  0.36000000E+02 -0.31635381E-08  0.31635381E-08
 0.18100000E+01  0.36200000E+02 -0.34715457E-08  0.34715457E-08
 0.18200000E+01  0.36400000E+02 -0.35823990E-08  0.35823990E-08
 0.18300000E+01  0.36600000E+02 -0.34961316E-08  0.34961316E-08
 0.18400000E+01  0.36800000E+02 -0.32233620E-08  0.32233620E-08
 0.18500000E+01  0.37000000E+02 -0.27843229E-08  0.27843229E-08
 0.18600000E+01  0.37200000E+02 -0.22074231E-08  0.22074231E-08
 0.18700000E+01  0.37400000E+02 -0.15274407E-08  0.15274407E-08
 0.18800000E+01  0.37600000E+02 -0.78345632E-09  0.78345632E-09
 0.18900000E+01  0.37800000E+02 -0.16645145E-10  0.16645145E-10
 0.19000000E+01  0.38000000E+02  0.73195102E-09  0.73195102E-09
 0.19100000E+01  0.38200000E+02  0.14235576E-08  0.14235576E-08
 0.19200000E+01  0.38400000E+02  0.20236005E-08  0.20236005E-08
 0.19300000E+01  0.38600000E+02  0.25033491E-08  0.25033491E-08
 0.19400000E+01  0.38800000E+02  0.28411963E-08  0.28411963E-08
 0.19500000E+01  0.39000000E+02  0.30235266E-08  0.30235266E-08
 0.19600000E+01  0.39200000E+02  0.30451442E-08  0.30451442E-08
 0.19700000E+01  0.39400000E+02  0.29092566E-08  0.29092566E-08
 0.19800000E+01  0.39600000E+02  0.26270334E-08  0.26270334E-08
 0.19900000E+01  0.39800000E+02  0.22167782E-08  0.22167782E-08
 0.20000000E+01  0.40000000E+02  0.17027694E-08  0.17027694E-08
 0.20100000E+01  0.40200000E+02  0.11138429E-08  0.11138429E-08
 0.20200000E+01  0.40400000E+02  0.48179319E-09  0.48179319E-09
 0.20300000E+01  0.40600000E+02 -0.16031615E-09  0.16031615E-09
 0.20400000E+01  0.40800000E+02 -0.77984967E-09  0.77984967E-09
 0.20500000E+01  0.41000000E+02 -0.13462179E-08  0.13462179E-08
 0.20600000E+01  0.41200000E+02 -0.18323402E-08  0.18323402E-08
 0.20700000E+01  0.41400000E+02 -0.22158849E-08  0.22158849E-08
 0.20800000E+01  0.41600000E+02 -0.24802358E-08  0.24802358E-08
 0.20900000E+01  0.41800000E+02 -0.26151440E-08  0.26151440E-08
 0.21000000E+01  0.42000000E+02 -0.26170472E-08  0.26170472E-08
 0.21100000E+01  0.42200000E+02 -0.24890503E-08  0.24890503E-08
 0.21200000E+01  0.42400000E+02 -0.22405806E-08  0.22405806E-08
 0.21300000E+01  0.42600000E+02 -0.18867440E-08  0.18867440E-08
 0.21400000E+01  0.42800000E+02 -0.14474260E-08  0.14474260E-08
 0.21500000E+01  0.43000000E+02 -0.94618580E-09  0.94618580E-09
 0.21600000E+01  0.43200000E+02 -0.40900693E-09  0.40900693E-09
 0.21700000E+01  0.43400000E+02  0.13703289E-09  0.13703289E-09
 0.21800000E+01  0.43600000E+02  0.66510508E-09  0.66510508E-09
 0.21900000E+01  0.43800000E+02  0.11499222E-08  0.11499222E-08
 0.22000000E+01  0.44000000E+02  0.15689179E-08  0.15689179E-08
 0.22100000E+01  0.44200000E+02  0.19032626E-08  0.19032626E-08
 0.22200000E+01  0.44400000E+02  0.21386703E-08  0.21386703E-08
 0.22300000E+01  0.44600000E+02  0.22659656E-08  0.22659656E-08
 0.22400000E+01  0.44800000E+02  0.22813904E-08  0.22813904E-08
 0.22500000E+01  0.45000000E+02  0.21866436E-08  0.21866436E-08
 0.22600000E+01  0.45200000E+02  0.19886604E-08  0.19886604E-08
 0.22700000E+01  0.45400000E+02  0.16991480E-08  0.16991480E-08
 0.22800000E+01  0.45600000E+02  0.13339085E-08  0.13339085E-08
 0.22900000E+01  0.45800000E+02  0.91198522E-09  0.91198522E-09
 0.23000000E+01  0.46000000E+02  0.45467930E-09  0.45467930E-09
 0.23100000E+01  0.46200000E+02 -0.15514727E-10  0.15514727E-10
 0.23200000E+01  0.46400000E+02 -0.47600139E-09  0.47600139E-09
 0.23300000E+01  0.46600000E+02 -0.90515306E-09  0.90515306E-09
 0.23400000E+01  0.46800000E+02 -0.12833056E-08  0.12833056E-08
 0.23500000E+01  0.47000000E+02 -0.15936365E-08  0.15936365E-08
 0.23600000E+01  0.47200000E+02 -0.18228873E-08  0.18228873E-08
 0.23700000E+01  0.47400000E+02 -0.19619015E-08  0.19619015E-08
 0.23800000E+01  0.47600000E+02 -0.20059572E-08  0.20059572E-08
 0.23900000E+01  0.47800000E+02 -0.19548847E-08  0.19548847E-08
 0.24000000E+01  0.48000000E+02 -0.18129695E-08  0.18129695E-08
 0.24100000E+01  0.48200000E+02 -0.15886501E-08  0.15886501E-08
 0.24200000E+01  0.48400000E+02 -0.12940310E-08  0.12940310E-08
 0.24300000E+01  0.48600000E+02 -0.94423684E-09  0.94423684E-09
 0.24400000E+01  0.48800000E+02 -0.55664274E-09  0.55664274E-09
 0.24500000E+01  0.49000000E+02 -0.15001843E-09  0.15001843E-09
 0.24600000E+01  0.49200000E+02  0.25637145E-09  0.25637145E-09
 0.24700000E+01  0.49400000E+02  0.64366899E-09  0.64366899E-09
 0.24800000E+01  0.49600000E+02  0.99428484E-09  0.99428484E-09
 0.24900000E+01  0.49800000E+02  0.12926817E-08  0.12926817E-08
 0.25000000E+01  0.50000000E+02  0.15260458E-08  0.15260458E-08
 0.25100000E+01  0.50200000E+02  0.16848176E-08  0.16848176E-08
 0.25200000E+01  0.50400000E+02  0.17630621E-08  0.17630621E-08
 0.25300000E+01  0.50600000E+02  0.17586641E-08  0.17586641E-08
 0.25400000E+01  0.50800000E+02  0.16733452E-08  0.16733452E-08
 0.25500000E+01  0.51000000E+02  0.15125046E-08  0.15125046E-08
 0.25600000E+01  0.51200000E+02  0.12848960E-08  0.12848960E-08
 0.25700000E+01  0.51400000E+02  0.10021585E-08  0.10021585E-08
 0.25800000E+01  0.51600000E+02  0.67822702E-09  0.67822702E-09
 0.25900000E+01  0.51800000E+02  0.32865010E-09  0.32865010E-09
 0.26000000E+01  0.52000000E+02 -0.30150204E-10  0.30150204E-10
 0.26100000E+01  0.52200000E+02 -0.38164245E-09  0.38164245E-09
 0.26200000E+01  0.52400000E+02 -0.70993883E-09  0.70993883E-09
 0.26300000E+01  0.52600000E+02 -0.10005030E-08  0.10005030E-08
 0.26400000E+01  0.52800000E+02 -0.12407824E-08  0.12407824E-08
 0.26500000E+01  0.53000000E+02 -0.14207368E-08  0.14207368E-08
 0.26600000E+01  0.53200000E+02 -0.15332443E-08  0.15332443E-08
 0.26700000E+01  0.53400000E+02 -0.15743654E-08  0.15743654E-08
 0.26800000E+01  0.53600000E+02 -0.15434600E-08  0.15434600E-08
 0.26900000E+01  0.53800000E+02 -0.14431526E-08  0.14431526E-08
 0.27000000E+01  0.54000000E+02 -0.12791519E-08  0.12791519E-08
 0.27100000E+01  0.54200000E+02 -0.10599352E-08  0.10599352E-08
 0.27200000E+01  0.54400000E+02 -0.79631533E-09  0.79631533E-09
 0.27300000E+01  0.54600000E+02 -0.50091076E-09  0.50091076E-09
 0.27400000E+01  0.54800000E+02 -0.18754611E-09  0.18754611E-09
 0.27500000E+01  0.55000000E+02  0.12939028E-09  0.12939028E-09
 0.27600000E+01  0.55200000E+02  0.43560111E-09  0.43560111E-09
 0.27700000E+01  0.55400000E+02  0.71751826E-09  0.71751826E-09
 0.27800000E+01  0.55600000E+02  0.96289610E-09  0.96289610E-09
 0.27900000E+01  0.55800000E+02  0.11613345E-08  0.11613345E-08
 0.28000000E+01  0.56000000E+02  0.13047097E-08  0.13047097E-08
 0.28100000E+01  0.56200000E+02  0.13874956E-08  0.13874956E-08
 0.28200000E+01  0.56400000E+02  0.14069637E-08  0.14069637E-08
 0.28300000E+01  0.56600000E+02  0.13632545E-08  0.13632545E-08
 0.28400000E+01  0.56800000E+02  0.12593210E-08  0.12593210E-08
 0.28500000E+01  0.57000000E+02  0.11007476E-08  0.11007476E-08
 0.28600000E+01  0.57200000E+02  0.89545599E-09  0.89545599E-09
 0.28700000E+01  0.57400000E+02  0.65331328E-09  0.65331328E-09
 0.28800000E+01  0.57600000E+02  0.38566046E-09  0.38566046E-09
 0.28900000E+01  0.57800000E+02  0.10478463E-09  0.10478463E-09
 0.29000000E+01  0.58000000E+02 -0.17664123E-09  0.17664123E-09
 0.29100000E+01  0.58200000E+02 -0.44612539E-09  0.44612539E-09
 0.29200000E+01  0.58400000E+02 -0.69190659E-09  0.69190659E-09
 0.29300000E+01  0.58600000E+02 -0.90346117E-09  0.90346117E-09
 0.29400000E+01  0.58800000E+02 -0.10719468E-08  0.10719468E-08
 0.29500000E+01  0.59000000E+02 -0.11905643E-08  0.11905643E-08
 0.29600000E+01  0.59200000E+02 -0.12548235E-08  0.12548235E-08
 0.29700000E+01  0.59400000E+02 -0.12627024E-08  0.12627024E-08
 0.29800000E+01  0.59600000E+02 -0.12146958E-08  0.12146958E-08
 0.29900000E+01  0.59800000E+02 -0.11137523E-08  0.11137523E-08
 0.30000000E+01  0.60000000E+02 -0.96510413E-09  0.96510413E-09
